# Subgrafo inducido por caminos Q01 y Q06
# Nodos: 210
# Aristas: 213
0 1 6
0 2 1
2 7 10
7 4990 5
2067 2122 4
2067 2151 10
2085 2117 1
2085 2093 8
2093 2240 4
2117 2151 1
2122 2170 7
2168 2170 1
2168 2172 7
2172 2317 2
2240 2301 6
2301 2322 1
2317 5346 6
2322 1057408 3
2576 2579 10
2576 2584 6
2579 2603 5
2584 2945 9
2603 2612 10
2612 2614 10
2614 2669 2
2622 2669 3
2622 2628 4
2628 2646 7
2645 2650 9
2645 2646 8
2650 2652 2
2650 2690 7
2652 2690 5
2690 2692 9
2692 2930 1
2930 2934 2
2934 2941 8
2941 3554 1
2945 398111 2
3554 3570 8
3570 3666 1
3609 3701 10
3609 3702 7
3638 3643 3
3638 3644 1
3641 3644 2
3641 3751 5
3643 3724 7
3666 3696 2
3692 3696 2
3692 3697 7
3696 3697 4
3697 3698 1
3698 3724 2
3701 3861 8
3702 3752 6
3751 3752 10
3778 3779 8
3778 3780 1
3779 4091 2
3780 4779 4
3780 4780 6
3861 3865 2
3865 4920 3
4091 4778 2
4456 4488 5
4456 4490 1
4482 4488 1
4482 4494 10
4490 4495 2
4494 4499 2
4495 4502 1
4499 4524 6
4502 4506 3
4506 5405 2
4524 4547 4
4547 4778 2
4779 4780 7
4780 4811 4
4811 4845 8
4845 4847 9
4847 4871 8
4871 4931 6
4920 4922 4
4922 5023 10
4931 4933 10
4933 4938 5
4938 4952 8
4952 4988 8
4952 4990 3
4988 5023 1
5346 5360 6
5360 5369 5
5369 5405 5
398111 497114 6
408023 408024 10
408023 408025 7
408024 408027 4
408025 408030 5
408027 408034 10
408030 419528 3
408034 419980 7
412216 1072191 7
412216 1072209 9
419979 419980 1
419979 419985 7
419985 1068517 9
419988 1068517 5
419988 419990 7
419990 1072189 8
419991 1072189 1
419991 1072191 5
492951 494272 9
492951 494275 2
493016 493021 1
493016 493022 1
493021 494449 2
493022 494569 9
494166 494169 8
494166 494170 3
494169 494463 1
494170 494272 1
494275 507559 7
494350 494351 6
494350 494373 5
494351 494388 4
494373 494381 2
494381 494431 1
494381 494395 9
494388 494390 4
494390 494400 2
494395 494432 6
494395 494437 2
494400 494462 5
494431 494432 8
494437 494440 4
494440 494449 4
494462 494463 4
494569 495332 4
495325 495329 10
495325 495326 1
495326 495348 8
495329 495332 9
495348 495349 9
495349 495370 9
495370 495425 4
495425 495455 3
495455 495540 2
495540 495545 4
495545 496200 8
496200 496261 5
496261 496826 2
496826 496852 7
496852 496869 1
496864 496869 7
496864 496929 1
496913 496927 5
496913 496928 3
496927 496957 2
496928 497051 8
496929 496932 9
496932 497012 4
496957 497113 2
497012 497015 10
497015 497051 6
497052 497113 3
497052 497114 1
507547 507585 4
507547 507591 6
507559 507564 2
507564 507575 8
507575 507577 10
507577 507579 2
507579 507585 1
1057357 1057363 4
1057357 1057364 1
1057363 1057462 8
1057364 1057463 3
1057404 1057405 3
1057404 1057407 4
1057405 1057408 2
1057407 1057410 6
1057410 1057484 4
1057462 1057522 5
1057463 1058617 4
1057484 1057522 3
1058617 1071682 6
1071152 1071254 10
1071152 1071837 4
1071254 1071361 2
1071279 1071361 4
1071279 1071398 6
1071398 1071531 7
1071531 1071608 7
1071608 1071611 4
1071611 1071673 1
1071673 1071701 3
1071682 1071701 9
1071837 1071839 1
1071839 1077154 6
1072209 1072212 1
1072212 1072260 4
1072237 1072252 6
1072237 1072253 4
1072252 1072254 4
1072253 1072256 8
1072254 1072260 4
1072256 1078600 9
1077150 1077153 8
1077150 1077154 2
1077153 1077161 1
1077158 1077161 9
1077158 1078600 2
